660473
481765
455779
377311
326095
225812
198429
196492
184664
179873
160589
149900
137003
106030
94430
91761
91133
90695
81551
75190
65611
63030
62805
50328
45833
45062
38120
24793
21318
13139
12877
9645
5771
5568
3681
2978
2820
2800
2791
2622
2516
2449
2411
2397
2298
2291
2278
2259
2252
2140
2114
2096
2086
2084
2055
2045
1998
1998
1985
1964
1958
1956
1946
1912
1891
1889
1879
1848
1846
1844
1840
1840
1835
1813
1810
1808
1806
1801
1777
1758
1749
1747
1744
1740
1726
1724
1723
1702
1699
1697
1696
1696
1684
1682
1671
1668
1665
1654
1652
1635
1628
1621
1618
1617
1616
1612
1598
1592
1587
1583
1583
1578
1578
1578
1569
1567
1562
1552
1551
1547
1546
1536
1536
1523
1523
1521
1519
1519
1518
1513
1510
1509
1506
1504
1502
1499
1497
1495
1494
1486
1484
1483
1482
1478
1473
1466
1464
1464
1459
1449
1446
1446
1444
1443
1441
1439
1439
1438
1437
1435
1433
1431
1430
1426
1422
1414
1411
1409
1407
1406
1405
1404
1403
1395
1390
1388
1387
1381
1379
1378
1374
1366
1365
1364
1363
1361
1357
1357
1352
1351
1351
1349
1347
1347
1343
1340
1338
1337
1335
1334
1334
1330
1330
1330
1328
1328
1326
1325
1325
1324
1323
1321
1318
1317
1316
1307
1304
1303
1303
1298
1288
1286
1283
1279
1278
1275
1273
1270
1270
1269
1269
1266
1262
1261
1259
1256
1254
1253
1251
1250
1250
1250
1249
1248
1245
1243
1240
1240
1238
1238
1237
1234
1233
1232
1232
1231
1231
1226
1223
1223
1217
1213
1213
1213
1207
1205
1204
1204
1203
1199
1197
1196
1195
1194
1194
1192
1192
1189
1188
1187
1184
1182
1180
1180
1177
1177
1175
1174
1174
1172
1172
1170
1169
1168
1168
1168
1165
1165
1163
1163
1162
1161
1160
1156
1154
1150
1147
1146
1145
1143
1142
1137
1137
1136
1136
1132
1132
1130
1130
1130
1128
1128
1128
1127
1127
1125
1124
1123
1123
1123
1121
1121
1121
1119
1118
1117
1117
1116
1116
1114
1114
1113
1113
1113
1113
1111
1108
1106
1103
1102
1100
1099
1098
1098
1096
1096
1095
1094
1094
1094
1093
1091
1089
1089
1088
1085
1083
1082
1080
1079
1079
1078
1078
1074
1073
1073
1073
1072
1072
1070
1070
1068
1068
1067
1066
1065
1065
1065
1062
1062
1061
1061
1061
1061
1058
1056
1056
1056
1055
1054
1050
1048
1048
1046
1046
1046
1045
1044
1044
1044
1042
1041
1041
1038
1038
1038
1037
1037
1036
1035
1034
1034
1034
1032
1031
1031
1030
1029
1029
1029
1029
1027
1027
1027
1024
1022
1022
1022
1022
1020
1019
1015
1014
1014
1014
1011
1010
1009
1009
1009
1008
1007
1006
1006
1004
1004
1003
1002
1002
1001
1001
1000
1000
1000
1000
998
998
998
997
996
996
995
994
994
993
993
993
992
992
991
991
990
990
990
988
988
987
987
986
986
986
986
984
984
983
983
981
979
974
974
974
974
973
972
972
970
970
969
969
969
968
968
968
967
967
967
965
965
965
964
963
963
963
962
962
962
961
961
961
960
960
959
959
958
958
958
958
957
957
956
956
956
955
954
954
953
952
952
952
951
951
951
950
950
949
949
949
948
948
948
948
947
947
947
945
945
944
942
942
939
939
939
939
939
937
937
935
935
934
934
933
932
931
930
929
929
929
929
928
928
927
925
925
924
924
924
922
922
922
921
920
916
916
916
915
915
915
915
914
913
913
913
912
912
911
910
910
910
910
910
909
908
908
907
907
906
903
902
902
901
901
900
899
898
898
895
895
893
893
893
892
892
892
891
891
890
890
890
890
889
889
889
888
887
887
887
886
886
885
885
885
885
884
884
884
884
883
883
883
882
882
882
882
882
881
881
880
880
879
879
879
878
877
876
876
874
874
873
873
873
873
873
873
872
872
872
872
872
871
871
871
871
869
869
869
868
867
866
866
866
866
866
865
865
865
865
864
864
864
864
863
863
863
863
863
861
861
861
861
860
860
860
859
859
858
858
858
858
858
857
857
856
856
854
853
853
852
852
852
852
851
851
851
851
850
850
850
850
850
849
849
849
848
847
847
847
847
847
846
846
846
846
845
845
845
845
844
844
844
843
843
842
842
841
840
840
839
838
838
838
836
835
835
835
835
834
832
832
832
831
830
829
829
829
828
827
827
826
825
825
824
824
824
823
822
822
822
822
821
820
820
820
820
819
819
819
819
818
818
817
816
816
816
816
815
815
814
814
813
813
813
813
813
812
811
810
810
809
809
809
809
808
808
808
808
808
808
808
807
806
806
806
805
805
805
805
805
805
804
804
803
803
803
802
802
802
802
802
802
801
801
800
799
799
799
799
798
798
798
797
797
797
796
796
795
795
795
794
794
793
793
792
792
792
790
790
790
790
790
790
789
789
788
788
787
786
786
785
785
785
785
784
784
784
784
783
783
783
783
782
782
782
781
781
781
780
780
779
779
779
777
777
777
777
777
776
776
776
776
775
775
775
774
774
774
774
773
773
773
773
773
772
772
772
772
771
771
770
770
769
769
769
769
769
768
768
767
767
767
767
767
766
766
765
765
764
764
764
763
763
763
763
762
762
761
761
760
759
759
759
758
758
758
758
758
757
757
757
755
755
755
755
755
754
754
754
753
753
753
752
751
751
750
750
750
750
750
749
749
749
748
748
748
748
748
747
747
746
745
745
745
744
744
744
744
744
744
743
742
742
742
742
741
741
740
740
740
740
739
739
739
738
738
738
738
738
738
738
737
737
736
736
736
736
735
735
735
735
734
734
734
733
733
733
732
732
732
732
731
731
731
730
730
729
729
729
729
729
728
728
728
727
727
727
727
727
727
727
727
726
726
725
725
725
724
724
724
724
724
723
723
723
722
722
722
722
721
721
721
721
721
721
720
720
719
719
719
719
718
718
718
718
718
718
717
716
716
716
716
716
716
716
715
715
715
715
715
715
714
714
713
713
713
713
713
713
712
712
712
712
712
712
712
711
711
711
711
711
710
710
710
710
710
710
710
710
710
709
709
708
708
708
708
708
708
707
707
707
707
706
706
706
705
705
704
704
704
704
704
704
703
703
703
703
703
702
702
702
702
702
702
701
701
701
701
701
701
700
700
700
700
700
700
699
699
699
699
699
699
698
698
698
698
698
698
697
696
696
696
695
695
695
694
694
694
694
693
693
693
692
692
692
692
692
692
691
691
691
691
691
690
690
690
690
689
689
688
688
688
687
687
687
687
687
687
687
687
687
686
686
686
686
686
685
685
685
684
684
684
684
683
683
682
682
682
681
681
681
680
680
680
680
680
680
679
679
679
679
679
679
678
677
677
677
676
676
676
676
676
676
676
675
675
675
675
675
674
674
674
674
673
673
673
673
673
672
672
672
671
671
671
671
671
670
670
669
669
669
668
667
667
667
667
666
666
666
666
666
666
665
665
665
665
664
664
664
664
664
664
664
663
663
663
663
663
663
662
662
661
661
661
661
660
660
660
660
660
660
660
659
659
659
659
659
659
658
658
658
657
657
657
657
657
657
657
656
656
656
656
656
655
655
655
655
655
655
655
654
654
654
653
653
653
652
652
652
651
651
651
650
650
650
650
649
649
649
649
649
648
648
648
648
648
648
647
647
647
647
646
646
646
646
645
645
645
645
645
644
644
644
643
643
642
642
642
641
641
641
640
640
639
639
639
638
638
638
638
637
637
637
637
637
637
637
637
637
637
636
636
636
636
636
635
635
635
634
634
634
634
633
633
633
633
633
633
633
633
632
632
632
632
632
632
631
631
631
631
631
631
631
630
630
630
630
630
630
629
629
629
628
628
628
628
628
628
628
627
627
627
627
627
627
626
626
625
625
625
625
624
624
624
623
622
622
622
622
621
621
621
621
621
621
621
620
620
620
620
620
619
619
619
619
618
618
618
618
618
618
617
617
617
617
617
616
616
616
616
616
615
615
615
615
615
615
615
615
614
614
614
614
614
614
613
613
613
613
612
612
612
612
612
611
611
611
611
611
611
610
610
610
610
609
609
609
609
609
608
608
607
607
607
607
607
607
607
607
606
606
606
606
606
606
606
605
605
604
604
604
604
604
604
604
604
603
603
603
602
602
602
602
602
602
602
601
601
601
601
601
600
600
600
600
600
600
599
599
599
599
599
599
599
598
598
598
598
597
597
597
597
597
597
596
596
596
596
595
595
595
595
595
595
595
595
595
595
595
595
594
594
594
594
594
594
594
593
593
593
593
593
592
592
592
592
592
591
591
591
590
590
590
590
589
589
589
589
589
588
588
588
588
588
588
588
588
588
587
587
587
587
587
586
586
586
586
585
585
585
585
585
585
585
585
584
584
584
584
584
583
583
583
583
583
583
583
582
582
582
582
582
582
582
582
582
581
581
581
581
581
581
581
581
581
580
580
580
579
579
579
579
579
579
579
578
578
578
578
578
577
577
577
577
577
577
577
577
576
576
576
575
575
575
575
575
575
575
574
574
574
574
574
574
574
574
574
573
573
572
572
572
571
571
571
571
571
571
571
570
570
570
570
570
570
569
569
569
569
569
569
569
568
568
568
568
568
568
568
568
568
568
567
567
567
566
566
566
566
566
566
566
566
566
566
565
565
565
565
565
565
565
564
564
564
564
564
564
564
563
563
563
562
562
562
561
561
561
561
561
560
560
560
560
559
559
559
559
559
559
559
559
559
558
558
558
558
558
558
558
557
557
557
557
557
557
556
556
556
556
556
555
555
555
555
554
554
554
554
554
554
554
554
554
554
553
553
553
553
553
553
552
552
552
552
552
551
551
551
551
551
551
551
551
550
550
550
550
550
550
550
550
550
549
549
549
549
549
549
549
548
548
548
548
548
548
548
548
548
547
547
547
547
547
547
547
547
546
546
546
546
546
546
546
545
545
545
544
544
544
544
543
543
543
542
542
542
542
542
542
542
541
541
541
541
541
541
541
541
541
541
541
541
540
540
540
539
539
539
539
539
539
539
538
538
538
538
537
537
537
537
537
536
536
536
536
535
535
534
534
534
534
534
534
534
534
533
533
533
533
533
533
533
532
532
532
532
532
532
531
531
531
531
531
531
531
531
531
531
531
531
531
531
530
530
530
530
530
529
529
529
529
529
529
529
528
528
528
528
528
528
528
528
528
527
527
527
527
527
527
526
526
526
526
525
525
525
525
525
525
525
525
525
524
524
524
524
524
524
524
523
523
523
523
523
523
522
522
522
522
522
522
522
521
521
521
521
521
521
521
520
520
520
520
520
520
520
520
519
519
519
519
519
519
519
518
518
518
518
518
518
518
517
517
517
517
517
517
517
517
516
516
516
516
515
515
515
515
515
514
514
514
514
514
513
513
513
513
513
513
512
512
512
512
512
512
512
512
512
511
511
511
511
510
510
510
510
510
510
510
509
509
509
509
508
508
508
508
508
508
508
508
508
508
508
507
507
507
507
506
506
506
506
506
506
506
505
505
505
505
505
505
505
505
505
505
504
504
504
504
504
504
504
504
504
504
503
503
503
503
503
503
503
503
503
503
503
503
502
501
501
501
501
501
500
500
500
500
499
499
499
499
499
499
499
499
499
498
498
498
498
497
497
497
497
496
496
496
495
495
495
495
494
494
494
494
494
493
493
493
493
493
492
492
492
492
492
491
491
491
491
491
491
490
490
490
490
490
490
490
490
490
490
489
489
489
489
489
489
489
488
488
488
488
488
488
488
488
488
488
488
487
487
487
487
487
486
486
486
486
486
486
485
485
485
485
485
485
485
485
484
484
484
484
484
484
484
484
483
483
483
483
483
483
483
483
483
483
483
483
482
482
482
482
482
482
482
481
481
481
481
481
481
480
480
480
480
480
480
480
480
480
480
480
480
480
480
480
480
480
480
479
479
479
479
479
479
479
479
478
478
478
478
478
478
478
478
478
478
478
478
478
478
478
478
477
477
477
477
477
477
477
477
476
476
476
476
476
476
476
476
476
476
476
476
475
475
475
475
475
475
475
475
475
475
475
475
475
475
475
475
474
474
474
474
474
474
474
474
474
474
474
474
473
473
473
473
473
473
473
473
473
473
473
472
472
472
472
472
472
472
472
472
472
472
472
472
472
472
472
471
471
471
471
471
471
471
471
471
471
471
471
471
471
471
470
470
470
470
470
470
470
470
470
470
469
469
469
469
469
469
469
469
469
469
469
469
469
469
469
469
468
468
468
468
468
468
468
468
468
467
467
467
467
467
467
467
467
467
467
467
466
466
466
466
466
466
466
466
466
466
466
466
466
466
466
466
466
466
465
465
465
465
465
465
465
465
465
465
465
465
465
465
464
464
464
464
464
464
464
464
464
463
463
463
463
463
463
463
463
463
463
463
463
463
463
463
463
463
463
463
463
463
463
462
462
462
462
462
462
462
462
462
462
462
462
462
462
461
461
461
461
461
461
461
461
461
461
461
461
461
461
461
461
461
461
460
460
460
460
460
460
460
460
460
459
459
459
459
459
459
459
459
459
459
458
458
458
458
458
458
458
458
458
458
458
457
457
457
457
457
457
457
457
456
456
456
456
456
456
456
456
456
456
456
455
455
455
455
455
455
455
455
455
455
455
455
455
455
455
455
454
454
454
454
454
454
454
454
454
454
454
454
454
454
454
453
453
453
453
453
453
453
453
453
452
452
452
452
452
452
452
452
452
452
452
452
452
452
452
452
452
452
452
451
451
451
451
451
451
451
451
451
451
451
451
450
450
450
450
450
450
450
450
450
450
450
450
450
450
450
449
449
449
449
449
449
449
449
449
449
449
449
449
448
448
448
448
448
448
448
448
448
448
448
448
448
448
448
448
447
447
447
447
447
447
447
447
447
447
447
446
446
446
446
446
446
446
446
446
446
446
446
446
446
446
446
446
446
446
445
445
445
445
444
444
444
444
444
444
444
444
444
444
444
444
444
444
444
444
444
443
443
443
443
443
443
443
443
443
443
443
443
443
443
443
443
443
442
442
442
442
442
442
442
442
442
442
442
442
442
442
442
442
442
442
441
441
441
441
441
441
441
441
441
441
441
440
440
440
440
440
440
440
440
440
440
439
439
439
439
439
439
439
439
439
439
439
439
439
439
439
439
438
438
438
438
438
438
438
438
438
438
438
438
438
437
437
437
437
437
437
437
437
437
436
436
436
436
436
436
436
436
436
436
436
436
436
436
436
436
436
436
436
435
435
435
435
435
435
435
435
435
435
435
435
435
434
434
434
434
434
434
434
434
434
434
434
434
434
434
434
434
434
434
433
433
433
433
433
433
433
433
433
433
433
433
433
433
432
432
432
432
432
432
432
432
432
432
432
432
432
432
431
431
431
431
431
431
431
431
431
431
431
431
431
431
431
431
431
431
431
430
430
430
430
430
430
430
430
430
430
430
430
430
430
429
429
429
429
429
429
429
429
429
429
429
429
429
429
428
428
428
428
428
428
428
428
428
428
428
428
428
428
428
428
427
427
427
427
427
427
427
427
427
427
427
426
426
426
426
426
426
426
426
426
426
426
426
426
426
426
426
426
425
425
425
425
425
425
425
425
425
425
425
425
425
425
425
425
424
424
424
424
424
424
424
424
424
424
424
424
424
424
424
424
424
424
424
424
424
424
424
423
423
423
423
423
423
423
423
423
423
423
423
423
423
423
423
423
423
423
423
422
422
422
422
422
422
422
422
422
422
422
422
422
422
422
422
422
422
422
422
422
421
421
421
421
421
421
421
421
421
421
421
421
421
421
420
420
420
420
420
420
420
420
420
420
420
420
420
420
419
419
419
419
419
419
419
419
419
419
419
419
419
419
419
419
418
418
418
418
418
418
418
418
418
418
418
418
418
417
417
417
417
417
417
417
417
417
417
417
417
416
416
416
416
416
416
416
416
416
416
416
416
416
416
416
415
415
415
415
415
415
415
415
415
415
415
415
415
415
414
414
414
414
414
414
414
414
414
414
414
414
414
414
413
413
413
413
413
413
413
413
413
413
413
413
412
412
412
412
412
412
412
412
412
412
412
412
412
412
412
412
412
412
412
412
412
412
412
412
412
411
411
411
411
411
411
411
411
411
411
411
411
411
411
410
410
410
410
410
410
410
410
410
410
410
410
410
410
410
410
410
409
409
409
409
409
409
409
409
409
409
409
409
409
409
409
408
408
408
408
408
408
408
408
408
408
408
407
407
407
407
407
407
407
407
407
407
407
407
407
407
407
407
407
406
406
406
406
406
406
406
406
406
406
406
406
406
406
405
405
405
405
405
405
405
405
405
405
405
405
405
405
405
405
405
404
404
404
404
404
404
404
404
404
404
404
404
404
404
404
404
404
403
403
403
403
403
403
403
403
403
403
403
403
403
403
402
402
402
402
402
402
402
402
402
402
402
402
402
402
402
402
402
402
402
402
401
401
401
401
401
401
401
401
401
401
401
401
401
401
401
401
401
401
400
400
400
400
400
400
400
400
400
400
400
400
400
400
400
400
399
399
399
399
399
399
399
399
399
398
398
398
398
398
398
398
398
398
398
398
398
398
398
398
398
398
397
397
397
397
397
397
397
397
397
397
397
397
397
396
396
396
396
396
396
396
396
396
396
396
396
396
396
396
396
396
396
396
396
396
396
396
395
395
395
395
395
395
395
395
395
395
395
395
395
395
395
394
394
394
394
394
394
394
394
394
394
394
394
394
394
394
394
393
393
393
393
393
393
393
393
393
393
393
393
393
393
393
393
392
392
392
392
392
392
392
392
392
392
392
392
392
392
392
392
392
392
392
392
392
392
392
391
391
391
391
391
391
391
391
391
391
391
391
391
391
391
391
391
391
391
391
391
390
390
390
390
390
390
390
390
390
390
390
390
390
389
389
389
389
389
389
389
389
389
389
389
389
389
388
388
388
388
388
388
388
388
388
388
388
388
388
388
388
388
388
388
388
387
387
387
387
387
387
387
387
387
387
387
387
387
387
387
387
387
387
387
386
386
386
386
386
386
386
386
386
386
386
386
386
386
386
386
386
386
385
385
385
385
385
385
385
385
385
385
385
385
385
385
385
385
384
384
384
384
384
384
384
384
384
384
384
384
384
384
384
384
384
384
384
383
383
383
383
383
383
383
383
383
383
383
383
383
383
383
383
383
383
383
383
383
383
383
382
382
382
382
382
382
382
382
382
382
382
382
382
382
382
382
382
382
382
382
382
381
381
381
381
381
381
381
381
381
381
381
381
381
381
381
381
380
380
380
380
380
380
380
380
380
380
380
380
380
379
379
379
379
379
379
379
379
379
379
379
379
379
378
378
378
378
378
378
378
378
378
378
378
378
378
378
378
378
378
378
378
378
378
378
378
354
353
347
308
303
282
281
275
259
256
255
255
255
255
255
255
255
255
255
255
255
252
249
248
234
223
222
208
208
199
199
194
193
191
188
177
174
174
174
165
160
159
150
136
135
133
133
130
130
130
128
128
